None None 
87 2 
89 0 
91 2 
92 1 
93 0 
93 0 
89 0 
93 0 
88 1 
92 4 
93 0 
93 0 
93 0 
89 4 
89 6 
90 6 
89 7 
94 1 
95 0 
89 6 
89 6 
95 0 
95 0 
95 0 
89 6 
89 6 
95 0 
95 0 
95 0 
89 6 
88 6 
93 0 
83 6 
93 0 
93 1 
92 1 
92 0 
92 0 
92 0 
94 0 
91 1 
92 0 
88 4 
92 2 
88 6 
88 6 
88 5 
93 0 
88 5 
92 0 
92 0 
92 0 
92 0 
91 1 
88 4 
92 0 
88 4 
86 6 
88 4 
93 0 
90 4 
88 4 
88 4 
93 1 
91 3 
91 3 
93 1 
93 2 
92 2 
94 0 
94 0 
94 0 
94 0 
94 0 
88 6 
91 3 
92 2 
92 2 
93 1 
91 3 
95 0 
94 0 
94 0 
86 8 
97 1 
97 1 
98 0 
98 0 
92 2 
96 2 
95 3 
97 1 
98 0 
97 1 
98 0 
98 0 
98 0 
91 7 
95 3 
97 2 
98 1 
101 0 
95 3 
99 0 
99 0 
99 0 
99 0 
94 5 
94 5 
87 7 
97 0 
98 1 
90 7 
100 1 
96 5 
101 0 
98 0 
96 5 
101 0 
85 16 
101 0 
101 0 
100 1 
100 1 
101 0 
102 0 
64 37 
97 0 
98 6 
97 6 
93 10 
103 0 
103 0 
103 0 
103 2 
104 1 
102 3 
101 4 
99 3 
105 0 
105 0 
104 1 
105 0 
105 0 
104 1 
105 0 
104 1 
104 1 
105 0 
104 1 
103 2 
104 0 
109 1 
109 0 
103 6 
107 2 
106 2 
104 3 
102 5 
